""	"AQC1cm"	"AQC4cm"	"AQC7cm"	"CC1"	"CL3"	"Even1"	"Even2"	"Even3"	"F21Plmr"	"LMEpi24M"	"M11Fcsw"	"M11Plmr"	"M11Tong"	"M31Fcsw"	"M31Plmr"	"M31Tong"	"NP2"	"NP3"	"NP5"	"SLEpi20M"	"SV1"	"TRRsed1"	"TRRsed2"	"TRRsed3"	"TS28"	"TS29"
"153762"	0	0	0	0	0	0	0	0	0	0	0	0	0	0	0	0	0	0	1	0	0	0	0	0	0	0
"175045"	0	1	2	0	0	27	1	0	2	3	1	0	0	0	0	0	1	6	3	0	0	83	1692	3030	5	0
"71074"	0	1	0	341	93	4	3	30	58	1	0	48	0	1	23	2	0	1	0	1	11788	9	118	51	0	1
"525569"	1	14	18	0	0	0	0	0	0	1	0	0	0	0	0	0	1	0	0	0	0	0	0	0	0	0
"557121"	0	1	0	0	0	0	0	0	0	0	0	0	0	0	0	0	0	0	0	0	0	0	0	0	0	0
"560734"	3	3	2	1	0	0	0	0	0	20	0	1	0	0	0	0	0	0	0	0	3	0	0	0	0	0
"341901"	0	0	1	33	4	0	0	0	0	0	0	12	0	0	1	0	0	0	0	0	217	0	1	0	0	0
"286030"	0	0	0	0	0	0	0	0	0	0	0	7	0	0	0	0	0	0	0	0	0	0	0	0	0	0
"275402"	0	0	0	0	0	0	0	0	0	0	0	0	0	0	0	0	0	1	1	0	0	2	19	13	0	0
"321069"	0	0	0	0	0	0	0	0	0	0	0	0	0	0	0	0	0	0	0	0	0	0	5	1	0	0
"161544"	9	8	12	31	7	0	1	0	0	0	0	0	0	0	0	0	0	0	0	0	6	0	0	0	0	0
"215003"	16	29	19	182	9	1	3	0	0	1	0	3	0	0	5	0	0	0	1	0	105	0	0	1	0	0
"548077"	1	3	3	32	24	0	0	0	0	0	0	0	0	0	0	0	0	0	0	0	169	0	0	0	0	0
"257176"	0	0	0	2	1	0	0	0	0	0	0	0	0	0	0	0	0	0	0	0	0	0	0	0	0	0
"100157"	0	0	0	32	3	0	0	0	0	0	0	0	0	0	0	0	0	0	0	0	4	0	1	0	0	0
"576085"	0	0	0	23	30	0	0	0	1	0	0	6	0	0	2	0	0	0	0	0	2	1	9	5	0	0
"100757"	0	0	0	0	0	0	0	0	2	0	0	0	1	0	0	1	0	0	0	0	3	0	0	0	0	0
"91919"	0	0	0	0	0	0	0	0	0	0	0	0	0	0	7	0	0	0	0	0	0	0	1	1	0	0
"89337"	1	0	0	26	288	1	0	1	0	1	0	3	0	0	0	0	0	0	0	0	200	1	0	0	0	0
"542118"	0	0	0	1	4	0	0	1	0	0	0	0	0	0	0	0	0	0	0	0	17	0	0	0	0	0
"265094"	1	0	2	374	61	3	2	28	1	0	0	15	1	0	14	1	0	0	2	0	4361	3	2	1	1	2
"128051"	0	0	0	16	489	5	0	0	0	0	0	0	0	2	0	0	0	0	0	0	0	0	0	0	0	0
"23870"	0	0	0	1	3	0	0	1	0	0	0	0	0	0	0	0	0	0	0	0	7	0	1	1	0	0
"160135"	0	5	24	24	40	0	0	0	0	1	0	0	0	0	0	0	0	0	0	1	22	0	3	2	0	0
"574226"	0	0	0	0	2	0	1	0	0	0	0	0	0	0	0	0	0	0	0	0	0	0	1	0	0	0
"329744"	3542	695	2908	23	21	129	66	99	29	102525	45	64	1474	28	15	296	91	126	120	323914	67	83	51	28	52	48
"160337"	1	0	1	25	62	0	0	1	1	1	0	2	0	0	0	0	0	0	0	0	88	0	0	0	0	1
"104310"	1	3	0	43	46	0	0	0	1	1	0	4	0	0	1	0	0	0	0	0	28	0	0	0	0	0
"253651"	0	0	0	4	2	0	0	0	0	0	0	0	0	0	0	0	0	0	0	0	20	0	0	0	0	0
"76142"	1	3	2	38	5	0	0	0	0	0	0	7	0	0	5	0	0	0	0	0	7	0	0	0	0	0
"144921"	0	0	0	1	0	0	0	0	0	19	0	2	0	0	0	0	0	0	0	0	5	0	0	0	0	0
"349277"	2	4	1	4	0	0	0	0	2	2	0	5	0	0	26	0	0	0	0	1	0	0	0	0	0	0
"152720"	0	0	0	1	0	0	0	0	0	0	0	2	0	0	0	0	0	0	0	0	0	0	0	0	0	0
"218035"	4	3	2	452	69	0	1	0	39	5	0	242	1	0	75	2	0	0	0	8	29	0	1	1	0	0
"29284"	2	2	3	135	1	0	3	0	2	0	0	93	0	0	4	1	0	0	0	5	2	7	14	2	0	0
"588981"	0	0	0	0	0	0	0	0	0	0	0	19	0	0	1	0	0	0	0	0	0	0	0	0	0	0
"12364"	0	0	1	7	0	0	0	0	0	0	0	4	0	0	0	1	0	0	0	0	0	0	0	0	0	0
"139920"	0	0	0	1	0	0	0	0	0	0	0	7	0	0	0	0	0	0	0	0	0	0	0	0	0	0
"26061"	0	0	0	0	0	0	0	0	169	1	0	14	0	0	190	13	0	0	0	0	0	0	0	0	0	1
"471141"	58	23	52	20	8	25	29	11	782	491	12	306	1150	15	9196	91809	9	19	138	21	13	12	18	10	17	16
"261709"	0	0	0	1	0	0	0	0	0	0	0	0	0	0	0	0	0	0	0	0	0	0	0	0	0	0
"320879"	2	4	0	1	1	2	1	3	339	2	5	5949	3	161	6385	8	0	4	2	1	0	0	2	3	3	1
"503327"	0	0	0	0	0	0	0	0	3	0	0	41	0	0	13	0	0	0	0	0	0	0	0	0	0	0
"261774"	0	0	0	2	0	0	0	1	238	0	0	852	2	6	1030	1	0	0	0	4	1	0	1	0	0	1
"13333"	0	0	0	13	10	0	0	0	0	0	0	14	0	0	0	0	0	0	0	1	0	0	2	0	0	0
"13069"	0	0	0	127	10	0	0	0	0	0	0	5	0	0	0	1	0	0	0	0	0	0	0	1	0	0
"203691"	0	0	0	0	0	14	4	4	0	0	0	0	0	0	0	0	0	0	0	0	0	0	0	0	1	0
"292521"	2	0	0	0	0	74	63	56	0	0	0	0	0	3	0	0	0	0	0	0	0	0	0	0	25	141
"201720"	0	0	0	0	0	0	0	0	3	0	0	2	0	0	6	0	0	0	0	0	0	0	0	0	0	0
"72610"	0	0	0	0	0	0	0	0	21	0	0	0	0	0	2	0	0	0	0	0	0	0	0	0	0	0
"90465"	3	0	0	1	0	0	0	0	0	0	0	0	0	0	0	0	0	0	0	1	0	0	0	0	0	0
"10517"	0	0	0	0	0	0	0	0	0	0	0	0	0	2	0	0	0	0	0	0	0	0	0	0	0	0
"23777"	0	0	0	0	0	0	0	0	1	0	0	0	0	0	7	0	0	0	0	0	0	0	0	0	0	0
"576850"	0	3	0	5	41	0	0	0	0	0	0	0	0	0	0	0	0	0	0	0	10	0	0	0	0	0
"531589"	0	0	0	0	0	0	0	0	0	0	0	0	0	0	0	0	0	0	0	0	0	0	0	0	0	0
"272602"	0	0	0	0	0	0	0	0	0	0	0	0	0	0	0	0	0	0	0	0	0	0	0	0	0	0
"568172"	0	0	0	0	0	0	0	0	0	0	0	0	0	0	0	0	1	0	0	0	0	0	0	0	0	0
"259270"	0	0	0	0	9	0	0	0	0	0	0	0	0	0	0	0	0	0	0	0	1	0	0	0	0	0
"42014"	13	0	0	0	0	1	0	0	4	0	0	26	0	0	5	1	0	0	1	0	0	0	31	1	0	0
"264558"	0	0	0	0	0	0	0	0	8	0	0	31	0	0	0	0	0	0	0	0	0	0	0	0	0	0
"330861"	5	0	2	21	1	0	1	0	297	3	4	402	1	5	179	8	2	7	9	1	2	60	4618	55	0	3
"550329"	52	4	0	0	0	0	0	0	0	1	0	0	0	0	0	0	0	0	0	60	0	0	0	0	0	0
"328963"	97	212	125	4	0	2	0	0	0	0	0	0	0	0	0	4	3	14	123	6	0	0	0	0	0	1
"159246"	6	3	2	0	0	0	0	0	0	0	0	0	0	0	0	0	0	0	0	0	0	0	0	0	0	0
"103589"	0	0	0	0	0	0	0	0	0	0	0	0	0	0	0	0	0	0	0	4	0	0	0	0	0	0
"136145"	7	5	0	0	0	0	0	0	0	0	0	0	0	0	0	0	0	0	0	0	0	0	0	0	0	0
"247816"	0	3	0	0	0	0	0	0	0	2	0	0	0	0	0	0	0	0	0	0	0	0	0	0	0	0
"279083"	72	21	19	0	0	0	0	0	0	1	0	0	0	0	0	0	0	0	0	0	0	0	0	0	1	0
"558480"	51	38	9	0	0	0	0	0	0	76	0	0	0	0	0	0	5	0	16	68	0	0	0	0	0	0
"373357"	1	6	2	4	1	0	0	1	0	7	35	1	1	0	1	4	0	1	0	0	0	0	0	2	0	0
"306610"	0	0	0	0	0	0	0	0	0	0	0	0	0	0	0	0	0	0	0	0	0	12	0	0	0	0
"334326"	0	0	0	0	0	0	0	0	0	0	0	0	0	0	0	0	0	2	0	0	0	0	0	0	0	0
"18643"	0	0	0	0	0	0	0	0	0	0	0	0	0	0	0	0	0	0	0	0	0	1	1	0	0	0
"355680"	0	1	2	2	0	0	0	0	0	0	0	0	0	0	0	0	0	0	0	2	0	0	1	0	0	0
"547752"	3	3	2	37	163	1	0	0	0	13	0	2	0	0	0	0	0	0	0	0	9	0	0	0	0	0
"166835"	10	11	4	3814	5129	30	9	3	0	7	0	5	1	1	2	4	0	1	1	1	3	0	0	4	0	1
"295422"	0	0	0	17	105	0	0	0	0	0	0	0	0	0	0	0	0	1	0	0	18	0	0	0	0	0
"234044"	0	0	0	0	0	0	0	0	0	16	0	0	0	0	0	0	0	0	0	0	0	0	0	0	0	0
"207982"	0	0	0	3	1	1	0	0	0	0	0	1	0	0	0	0	0	0	0	1	1	0	0	0	0	0
"470724"	0	0	1	0	0	0	0	0	491	0	0	7	0	0	23	9	1	0	0	0	0	0	0	0	0	0
"394191"	0	0	0	0	0	0	0	0	0	0	0	0	0	0	0	0	0	0	0	0	2	0	0	0	0	0
"151439"	7	7	9	914	18	0	6	0	0	0	0	21	0	0	0	0	0	0	0	0	5	0	0	0	0	0
"101544"	3	0	2	0	0	0	0	0	0	13	0	0	0	0	0	0	0	0	0	13	0	0	0	0	0	0
"356589"	0	0	1	0	1	0	0	0	0	0	0	0	0	0	0	0	0	1	0	0	0	0	0	0	0	0
"107184"	4	11	11	2	3	0	0	0	0	5	0	1	0	0	0	0	0	0	0	1	0	0	0	0	0	0
"163176"	26	15	53	73	10	1	0	0	1	2	0	1	0	0	0	2	0	0	0	26	100	1	0	0	0	0
"6697"	1	1	4	0	0	0	0	0	0	2	0	0	0	0	0	0	0	0	0	0	0	0	0	0	0	0
"556231"	0	1	1	4	5	0	0	0	17	0	0	1	0	0	1	2	0	1	0	2	12	0	0	1	0	0
"546756"	2	0	0	71	74	2	0	0	0	0	0	0	0	0	0	0	0	0	0	0	0	0	0	0	0	0
"555446"	0	0	2	29	227	2	0	0	0	0	0	0	0	0	0	0	0	0	0	0	0	0	0	0	0	0
"274500"	0	0	0	0	1	0	0	0	0	0	0	0	0	0	0	0	0	0	0	0	0	0	0	0	0	0
"236550"	1	2	3	342	28	0	0	0	11	2	0	61	1	0	9	1	0	0	0	20	382	0	3	0	0	0
"88301"	0	1	0	20	1	0	0	0	2	0	0	16	0	0	7	0	1	0	0	7	43	0	0	0	0	0
"102382"	5	11	7	977	19	1	5	4	179	5	0	790	5	0	291	1	0	0	1	273	2373	2	0	0	1	0
"322045"	0	1	1	46	6	0	0	0	1	0	0	16	0	0	7	1	0	0	1	2	23	0	0	0	0	0
"133568"	19	96	75	27	21	0	1	0	0	16	0	1	0	0	1	0	0	4	1	6	3	2	1	0	0	0
"97627"	25	51	76	1255	610	4	3	1	19	13	0	963	1	1	13	3	3	0	1	5	92	0	0	0	0	0
"578828"	0	0	0	0	0	0	0	0	0	0	0	0	0	0	0	0	0	0	0	2	0	0	0	0	0	0
"239064"	2	5	1	39	12	3	1	2	36	9	0	24	0	0	47	0	0	1	0	0	1411	1	3	0	0	0
"161340"	9	48	28	272	27	0	2	1	0	5	0	2	0	0	1	0	0	0	0	3	9	0	0	0	0	0
"235390"	152	184	162	0	0	0	0	0	2	0	0	0	1	0	0	0	1	1	0	2	0	0	0	0	0	1
"141836"	3	8	4	0	0	0	0	0	0	0	0	0	0	0	0	0	0	0	0	0	0	0	0	0	0	0
"339015"	2	2	1	0	2	0	0	0	1	4	0	47	0	0	4	0	0	3	0	0	0	0	1	0	0	0
"143699"	0	0	0	2	0	0	0	1	0	9	0	0	0	0	0	0	0	0	0	7	0	0	0	0	0	0
"114783"	0	6	5	5	0	0	0	1	0	8	0	0	0	0	0	0	0	0	0	18	2	0	0	0	0	0
"164557"	3	1	1	0	1	0	0	0	0	0	0	1	0	0	0	0	42	299	13	0	0	0	1	0	0	0
"140805"	0	2	0	0	1	0	0	0	0	0	0	0	0	0	0	0	11	110	10	0	0	9	18	4	0	0
"196433"	0	0	0	0	0	0	0	0	0	0	0	0	0	0	0	0	0	2	0	0	0	0	1	0	0	0
"9510"	6	2	5	3	2	5	4	2	75	52	2	13	119	4	378	5694	2	8	12	6	0	3	1	1	4	1
"55799"	0	0	0	0	0	1	0	3	0	0	0	0	0	0	0	0	0	0	0	0	0	0	0	0	0	0
"72374"	2	0	0	1	0	12	15	23	15	0	0	1	0	0	0	0	0	1	0	0	1	0	0	0	0	0
"224569"	0	0	0	0	0	13	4	9	1	0	0	0	0	0	0	0	0	1	0	0	0	0	0	0	0	0
"10113"	4	1	0	4	2	383	326	382	0	0	0	4	0	0	4	0	0	0	1	6	0	3	1	4	0	1
"8389"	0	0	0	0	0	0	0	0	0	0	0	1	0	0	0	0	0	0	0	0	0	0	0	0	0	0
"362373"	0	0	0	0	0	0	0	0	0	0	0	0	0	0	0	0	0	0	0	0	0	0	2	0	0	0
"139641"	0	0	0	0	0	0	0	0	0	0	0	0	0	0	0	0	0	0	2	0	0	0	0	0	0	0
"125536"	2	6	4	11	5	0	0	0	1	2	0	0	0	0	0	0	2	0	0	1	0	1	1	1	0	0
"103157"	0	0	0	1	0	0	0	0	0	0	0	0	0	0	0	0	0	0	5	0	0	7	0	0	0	0
"245893"	0	0	0	0	0	0	0	0	0	0	0	0	0	0	0	0	0	0	0	0	0	0	2	1	0	0
"144746"	0	0	0	0	0	0	0	0	0	0	0	0	0	0	0	0	0	0	0	0	0	0	1	0	0	0
"278398"	5	3	1	0	0	1	1	0	0	0	0	0	0	0	0	1	1	7	4	0	0	8	10	5	0	0
"97508"	4	10	8	0	0	0	0	0	0	1	0	0	0	0	0	0	1	0	1	0	0	0	1	0	0	0
"248442"	0	0	1	0	0	0	0	0	0	0	0	0	0	0	0	0	0	2	2	0	0	0	12	1	0	0
"269778"	1	0	1	4	0	0	1	2	0	1	0	0	0	0	1	0	1	9	98	0	0	2	16	3	0	0
"312030"	26	4	1	0	1	3	0	1	0	3	0	0	0	0	0	12	38	942	206	0	0	0	3	2	0	1
"573761"	0	1	0	0	0	0	0	0	0	0	0	0	0	0	0	3	2	10	0	0	0	1	3	1	0	0
"583669"	0	1	6	13	6	0	0	0	0	0	0	7	0	0	0	0	0	0	0	1	209	0	10	0	0	0
"139752"	0	0	0	0	0	0	0	0	0	0	0	0	0	0	0	0	0	0	0	0	0	6	97	11	0	0
"315848"	0	5	4	0	1	2	0	0	1	1	0	0	1	0	1	0	4	8	8	0	0	55	347	96	0	0
"516971"	0	0	0	0	0	0	1	0	0	0	0	0	0	0	0	0	0	13	3	0	0	0	1	0	0	0
"267568"	0	0	3	0	0	0	0	0	0	0	0	0	0	0	0	1	6	6	5	0	0	14	13	8	0	0
"536009"	0	0	0	0	0	0	0	0	0	0	0	0	0	0	0	0	0	2	0	0	0	5	73	1	0	0
"275935"	1	0	0	8	220	3	0	1	22	0	1	488	0	0	53	0	0	3	3	26	0	0	0	1	0	1
"558838"	0	0	0	0	0	0	0	0	0	0	0	0	0	0	1	0	0	0	0	0	0	0	0	0	0	0
"181819"	0	0	0	1	0	0	0	0	0	0	0	0	0	0	1	0	0	0	3	0	0	0	1	0	0	0
"141423"	43	68	80	0	0	0	0	0	0	0	0	0	0	0	0	0	0	0	0	1	0	0	0	0	0	0
"8096"	45	99	159	2	1	0	0	0	0	1	0	2	0	0	0	0	1	0	0	1	277	1	25	36	0	0
"142784"	8	20	21	0	0	0	0	0	0	1	0	0	0	0	0	0	0	0	0	0	0	0	0	0	0	0
"343119"	0	0	0	0	0	0	0	0	1	0	0	0	0	0	0	0	0	0	0	0	0	7	15	4	0	0
"511371"	0	0	0	3	0	0	0	0	0	0	0	0	0	0	0	0	0	0	0	0	0	0	0	0	0	0
"279470"	0	0	0	9	0	0	0	0	0	0	0	0	0	0	0	0	0	0	0	0	0	0	0	0	0	0
"546723"	0	0	0	0	0	0	0	0	0	0	0	0	0	0	0	0	0	0	1	0	0	0	0	0	0	0
"454435"	0	1	4	1	0	0	0	0	0	0	0	1	0	0	0	0	0	0	0	0	1	0	0	0	0	0
"257199"	0	0	0	35	2	0	0	0	0	0	0	0	0	0	0	0	0	0	0	0	2	0	0	0	0	0
"238279"	0	0	0	2	0	0	0	0	0	0	0	0	0	0	0	0	0	0	0	0	0	0	0	0	0	0
"362382"	0	0	0	0	0	0	0	0	0	0	0	0	0	0	0	0	20	10	5	0	0	6	12	4	0	0
"305967"	0	1	0	0	0	4	0	1	0	0	0	0	0	0	0	0	0	2	0	0	0	2	86	242	0	0
"349780"	0	0	0	0	0	0	0	0	0	0	0	0	0	0	0	0	1	6	0	0	0	1	7	17	0	0
"512616"	2	4	8	10	35	0	0	1	0	0	0	0	0	0	0	0	0	0	0	0	98	0	0	0	0	0
"593006"	7	9	14	1440	372	2	1	0	0	9	0	0	0	1	0	1	0	0	0	0	3	0	2	0	0	0
"292288"	0	2	0	0	0	0	1	0	0	0	0	0	0	0	0	0	0	3	0	0	0	3	48	57	0	0
"166871"	2	7	1	1	0	6	1	1	1	4	0	1	1	0	0	3	1	5	1	0	1	86	1421	540	3	0
"565944"	2	8	15	0	0	1	0	0	0	0	0	0	0	0	0	0	0	20	2	0	0	9	36	76	0	0
"510626"	0	1	0	0	0	3	2	1	0	0	0	0	0	0	0	0	0	0	0	0	0	0	7	1	0	0
"351629"	0	0	0	79	40	2	2	3	8	1	0	20	0	0	0	0	0	0	0	0	46	0	1	0	0	0
"202238"	0	0	0	1	0	0	0	0	0	0	0	1	0	0	0	0	0	0	0	0	0	0	0	0	0	0
"102209"	0	0	0	5	1	0	0	0	0	1	0	0	0	0	0	0	0	0	0	0	0	0	0	0	0	0
"93610"	0	0	0	2	1	0	0	0	0	6	0	0	1	0	0	0	0	0	0	0	1	0	0	0	0	0
"205713"	0	0	0	0	0	0	0	0	0	0	0	2	0	0	0	0	0	0	0	0	0	0	0	0	0	0
"519193"	1	0	0	0	0	0	0	0	6	0	0	10	0	0	0	0	0	0	0	0	0	0	1	0	0	0
"240591"	258	919	1037	2144	186	5	6	0	2	1	0	29	0	0	18	1	7	1	2	3	3	0	6	2	0	0
"223711"	0	0	0	0	0	0	0	0	0	0	0	0	0	0	0	0	0	0	0	0	0	0	1	0	0	0
"107461"	49	30	13	6	0	0	0	2	0	59	0	0	1	0	0	0	0	1	0	1	0	0	0	0	0	0
"98457"	0	4	1	141	48	1	0	0	0	0	0	0	0	0	1	0	0	0	0	4	0	0	0	0	0	0
"108870"	0	0	0	1	0	0	0	0	0	0	0	5	0	0	0	0	0	0	0	0	26	0	0	0	0	0
"114978"	33	51	29	6	0	1	0	0	0	0	0	2	0	0	0	0	0	0	0	0	1	0	0	0	0	0
"150577"	0	2	1	0	0	0	0	0	0	0	0	0	0	0	0	0	0	0	0	0	0	0	1	0	0	0
"545503"	0	0	0	0	0	0	0	0	0	0	0	0	0	0	0	0	0	0	0	0	1	1	1	1	0	0
"100870"	0	0	0	0	0	0	0	0	0	0	0	0	0	0	0	0	0	1	0	0	0	0	1	0	0	0
"243335"	0	0	0	0	0	0	0	0	0	0	0	0	0	0	0	0	1	3	2	0	0	0	0	0	0	0
"93537"	0	0	0	0	0	0	0	0	0	0	0	0	0	0	0	0	1	43	4	0	0	1	4	0	0	0
"265749"	0	0	0	0	0	0	0	0	0	0	0	0	0	0	0	0	0	183	6	0	0	0	0	0	0	0
"534609"	1134	336	110	11	12	47	26	11	8	32	10	64	38	9	4	185	10712	148400	15722	17	9	52	24	20	17	16
"263307"	0	0	0	0	0	0	0	0	2	0	0	0	0	0	0	0	0	1	0	0	0	0	0	0	0	0
"344513"	1	0	0	0	0	0	0	0	0	0	0	0	0	0	0	0	2	63	11	0	0	0	0	0	0	0
"5552"	97	75	95	811	336	4	1	4	23	1566	1	34	23	0	1	8	2	1	2	7692	896	1	2	2	0	0
"561842"	0	5	5	346	217	2	1	1	0	1	0	0	0	0	0	0	0	0	0	0	4	0	0	0	0	0
"91532"	0	0	0	0	0	0	0	0	0	0	0	0	0	0	0	0	2	0	1	0	0	0	0	0	0	0
"340730"	0	0	0	0	0	0	0	0	0	0	0	0	0	0	0	0	0	0	0	0	0	0	1	0	0	0
"369734"	0	0	0	53	9	0	0	1	0	0	0	0	0	0	0	0	0	0	0	0	253	0	0	0	0	0
"210865"	0	0	0	7	27	0	0	0	0	0	0	0	0	0	0	0	0	0	0	0	0	0	0	0	0	0
"588604"	10	8	12	701	1393	7	1	0	0	2	1	0	0	3	0	0	1	0	0	2	5	0	0	0	0	0
"152931"	0	0	1	0	0	1	0	0	0	1	0	0	0	0	0	1	5	4	255	0	0	1	0	0	0	0
"548884"	22	60	54	8	1	0	0	0	0	2	0	0	1	0	0	0	0	3	0	0	5	0	52	25	0	0
"588899"	0	0	0	0	0	1	0	0	0	0	0	0	0	0	0	0	0	0	0	0	0	1	62	102	1	0
"328739"	0	0	0	0	0	0	0	0	0	0	0	0	0	0	0	0	0	0	0	0	0	1	60	11	0	0
"112752"	0	1	2	2	4	0	0	0	0	0	0	0	0	0	0	0	0	0	0	0	0	0	1	0	0	0
"144065"	2	0	0	21	191	0	0	0	0	0	0	0	0	0	0	0	0	0	0	0	1	0	0	0	0	0
"509511"	0	0	0	4	3	0	0	0	0	0	0	0	0	0	0	0	0	0	0	0	0	0	0	0	0	0
"266208"	0	0	0	5	24	0	0	0	0	0	0	2	0	0	0	0	0	0	0	0	0	0	0	0	0	0
"240686"	0	0	0	7	1	0	0	0	0	0	0	1	0	0	5	0	0	4	0	0	9	0	1	0	0	0
"339472"	0	0	0	0	0	0	0	0	0	0	0	0	0	0	0	0	0	5	0	0	0	2	49	28	0	0
"78316"	0	0	0	0	0	0	1	0	0	0	0	0	0	0	0	0	0	0	0	2	0	0	0	0	0	0
"570817"	0	0	0	7	0	0	0	0	0	0	0	27	0	0	0	0	0	0	0	0	35	0	0	0	0	0
"487725"	0	0	0	4	4	0	0	1	0	2	0	56	0	0	3	0	0	0	0	3	52	0	0	0	0	0
"254841"	0	0	0	1	0	0	0	0	0	0	0	0	0	0	0	0	0	1	0	0	1	0	0	0	0	0
"511687"	1	0	0	0	0	0	0	0	0	0	0	0	0	0	0	0	0	0	0	6	0	0	0	0	0	0
"210791"	0	0	0	1	0	1	0	0	0	0	0	4	0	0	0	0	0	0	0	0	0	0	0	0	0	0
"114292"	0	0	0	25	2	0	0	2	0	0	0	1	0	0	1	0	0	3	0	1	150	1	0	0	0	0
"114029"	15	54	11	0	0	0	0	0	1	3	0	1	2	0	1	15	1494	1113	1462	0	0	47	166	19	2	2
"540283"	5	26	28	0	0	1	0	0	0	0	0	0	0	0	0	0	0	0	1	0	0	0	0	0	0	0
"584265"	0	0	1	16	0	0	0	0	0	0	0	1	0	0	0	0	0	0	0	0	0	7	35	16	0	0
"162529"	0	7	9	0	0	0	0	0	0	0	0	0	0	0	0	0	0	0	0	0	0	0	0	0	0	0
"103639"	0	0	0	0	0	0	0	0	0	0	0	0	0	0	0	0	0	0	0	0	0	1	4	5	0	0
"314793"	0	0	0	0	0	0	0	0	0	0	0	0	0	0	0	0	0	0	0	0	0	0	0	1	0	0
"134929"	0	0	0	0	0	0	0	0	0	0	0	0	0	0	0	0	0	0	0	0	0	1	2	6	0	0
"571389"	3	6	8	0	0	0	0	0	0	0	0	0	0	0	0	0	0	0	1	0	0	9	6	11	0	0
"10857"	0	8	7	0	0	0	0	0	0	0	0	0	0	0	0	0	0	0	0	0	0	0	0	0	0	0
"77467"	2	6	3	0	0	2	0	0	0	1	0	0	0	0	0	0	0	0	0	0	0	0	0	0	0	0
"511558"	16	33	34	12	12	1	0	1	0	0	0	0	0	0	0	0	1	0	0	0	19	0	0	0	0	0
"589130"	0	0	0	0	0	2	0	0	0	0	0	0	0	0	0	2	0	29	418	0	0	0	0	0	0	0
"218005"	128	70	125	190	13	1	1	0	0	0	0	0	0	0	0	0	1	0	0	2	0	0	0	1	0	0
"241853"	0	0	0	0	0	0	0	0	0	0	0	0	0	0	0	0	0	58	3	0	0	1	10	0	0	0
"568881"	0	3	8	0	0	0	0	0	0	0	0	0	0	0	0	0	0	0	0	0	0	0	0	0	0	0
"136925"	0	1	1	0	0	0	0	0	0	0	0	0	0	0	0	0	0	0	0	0	0	0	0	0	0	0
"165369"	0	0	1	0	0	0	0	0	0	0	0	0	0	0	0	0	0	0	0	0	0	0	0	0	0	0
"236118"	0	0	1	3	19	0	0	0	0	0	0	0	0	0	0	0	0	0	0	0	0	4	10	6	0	0
"237963"	10	61	51	628	596	1	1	0	0	1	1	1	0	0	1	0	0	0	0	0	0	0	4	0	0	0
"204177"	0	0	0	55	3	0	0	0	0	0	0	0	0	0	0	0	0	0	0	0	14	0	0	0	0	0
"332464"	3	19	25	53	27	1	0	0	0	0	0	0	0	0	0	0	0	1	1	0	15	1	153	23	0	0
"303295"	0	0	4	476	517	4	1	3	0	0	0	0	0	0	0	0	0	1	0	0	972	1	3	0	1	1
"76933"	0	0	0	8	2	0	0	0	0	0	0	0	0	0	0	0	0	0	0	0	0	0	0	0	0	0
"565375"	16	118	175	17	0	0	0	0	0	1	0	0	0	0	0	0	0	0	0	0	28	0	0	0	0	0
"244674"	1	0	0	13	1	0	0	0	0	0	0	0	0	0	0	0	0	0	0	2	0	0	0	0	0	0
"541076"	53	283	171	0	0	0	0	0	0	0	0	0	0	0	0	0	1	0	0	0	0	1	6	4	0	0
"10660"	0	0	0	0	0	0	0	0	0	0	0	0	0	0	0	0	0	0	0	0	0	0	5	1	0	0
"261919"	0	0	0	0	0	1	0	0	0	0	0	0	0	0	0	0	0	0	1	0	0	0	0	0	0	0
"143463"	3	41	29	0	0	0	0	0	0	0	1	0	0	0	0	0	0	0	0	0	0	0	0	0	0	0
"522127"	0	1	0	0	0	0	0	0	0	0	0	0	0	0	0	0	0	0	0	0	0	0	0	0	0	0
"258229"	0	0	0	0	0	0	0	0	0	104	0	0	2	0	0	0	0	0	0	2	0	0	0	0	0	0
"172221"	416	2362	1922	0	0	4	0	0	0	4	0	0	0	0	1	1	11	3	1	8	0	0	0	0	1	0
"561793"	337	1656	1443	0	0	0	0	0	1	7	0	0	1	0	0	0	5	0	0	6	0	0	0	0	1	2
"548838"	5	6	3	0	0	0	1	2	0	3	0	0	7	0	0	50	75	176	7659	1	0	10	2	0	3	0
"330803"	4	0	0	0	0	0	0	0	0	0	0	0	0	0	0	0	0	332	8	0	0	1	2	0	0	0
"88682"	0	0	0	0	0	0	0	0	0	0	0	0	0	0	0	0	0	1	0	0	0	0	0	0	0	0
"148678"	2	1	0	0	0	0	0	0	0	0	0	0	0	0	0	0	0	0	1	0	0	0	0	0	0	0
"469382"	69	25	13	20	0	1	0	0	0	3	0	0	0	0	18	0	0	0	0	7	0	0	0	0	0	0
"287759"	9	5	15	1	0	0	0	1	0	11	0	4	0	0	0	1	0	3	2	3	18	1	0	0	0	0
"512157"	0	0	0	0	0	0	0	0	0	0	0	0	0	0	0	0	0	16	0	0	0	1	8	0	0	0
"279132"	0	0	0	0	0	0	0	0	0	0	0	0	0	0	0	0	0	2	3	0	0	0	0	0	0	0
"521453"	0	0	1	0	0	0	0	0	0	0	1	0	0	0	0	3	2	70	291	1	0	0	1	1	0	0
"542003"	1	0	0	0	0	0	0	0	0	0	0	0	0	0	0	1	0	2	5	0	0	0	0	0	0	0
"580835"	1	0	0	0	0	1	0	0	0	0	0	0	0	0	0	0	0	129	7	0	0	0	0	0	0	0
"35881"	0	0	0	0	0	0	0	0	0	0	0	0	0	0	0	0	1	18	4	0	0	0	0	0	0	0
"262464"	0	0	0	0	0	0	0	0	2	0	0	0	0	0	20	0	0	1	0	0	0	0	0	0	0	0
"342042"	0	0	0	49	0	0	1	0	0	0	0	0	0	0	0	0	0	0	0	0	0	0	0	0	0	0
"70461"	0	0	0	0	0	0	0	0	0	0	0	0	0	0	0	0	0	0	0	0	0	0	0	0	0	0
"583211"	205	787	884	1	0	2	0	0	0	5	1	0	0	0	0	0	7	0	2	8	0	0	0	0	0	1
"544325"	269	1726	1901	0	0	1	0	1	0	4	0	0	0	0	0	1	8	4	1	8	0	1	0	0	0	0
"511119"	2	21	17	0	0	0	0	0	0	0	0	0	1	0	0	0	1	0	0	0	0	0	5	37	0	0
"288119"	0	0	0	6	30	0	0	0	0	0	0	0	0	0	0	0	0	0	0	0	10	0	0	0	0	0
"552779"	0	0	0	0	0	0	0	0	0	0	0	0	2	0	2	0	0	1	0	0	0	0	0	0	0	0
"542129"	0	0	0	0	0	0	0	0	0	0	1	0	0	2	0	0	0	0	0	0	0	0	0	0	0	0
"554250"	0	0	0	1	1	0	0	1	0	0	5	0	0	2	0	0	0	0	0	0	0	0	0	0	0	0
"287763"	0	0	0	0	0	0	0	0	0	0	0	0	0	2	0	0	0	0	0	0	0	0	0	0	0	0
"470823"	0	0	0	0	0	0	0	0	0	0	4	2	0	78	0	0	0	0	0	0	0	0	0	0	6	0
"298533"	0	0	0	1	7	1	0	0	0	0	0	0	0	0	0	0	0	0	0	0	2	0	0	0	0	0
"245050"	0	0	0	0	19	2	0	0	0	0	0	0	2	21	0	8	0	0	0	0	0	0	0	0	1	0
"343453"	0	0	0	0	0	0	0	0	0	0	0	0	0	0	13	0	0	0	0	0	0	0	0	0	0	0
"539347"	0	0	0	1	3	52	28	35	2	0	4	4	125	9	223	36	0	0	0	0	1	0	0	0	1	0
"291739"	0	0	0	0	0	7	7	10	0	0	0	0	0	0	0	0	0	0	0	0	0	0	0	1	0	0
"361304"	0	0	0	0	0	1	0	0	0	0	1	0	0	169	0	0	0	0	0	0	0	0	0	0	21	0
"313166"	14	0	0	11	5	2421	1675	318	0	2	182	29	0	2	0	3	0	2	3	0	0	2	0	23	4	1
"114455"	4	12	16	1	0	1	0	0	0	0	1	0	0	0	0	0	0	0	0	0	0	0	1	0	0	0
"1941"	0	1	0	0	0	0	0	0	159	1	0	66	1	0	103	0	0	0	0	0	0	0	0	0	0	0
"131765"	0	0	0	0	0	0	0	1	0	0	1	107	1	0	1633	2	0	0	0	0	1	1	0	0	0	0
"522087"	0	0	0	0	0	26	33	55	0	0	2	0	0	0	1	0	0	0	0	0	0	0	0	0	0	0
"320847"	0	0	0	5	25	0	0	0	0	0	0	0	0	0	0	0	0	0	0	0	12	0	0	0	0	0
"137403"	0	0	0	0	0	0	0	0	0	0	2	0	0	2	0	1	0	0	0	0	0	0	0	0	0	1
"335530"	1	1	0	0	0	1	0	1	0	0	466	1	0	26	1	2	0	0	0	0	1	0	1	3	282	181
"233805"	0	0	0	0	0	0	0	0	0	0	0	0	0	1	0	0	0	0	0	0	0	0	0	0	0	0
"272261"	0	0	0	0	1	0	0	0	0	0	0	0	0	110	0	0	0	0	0	0	0	0	0	0	0	0
"257151"	33	51	45	100	27	2	0	0	0	0	0	0	0	0	0	0	0	0	1	691	56	2	2	0	0	0
"548184"	0	0	0	0	2	0	0	0	0	0	0	0	0	0	0	0	0	0	0	0	0	0	0	0	0	0
"78203"	0	0	0	3	2	0	0	0	0	3	0	0	0	0	0	0	1	0	0	0	0	0	0	0	0	0
"162326"	22	11	6	0	1	3	0	2	0	0	1	1	3	0	0	38	640	2962	6283	0	0	9	4	1	1	0
"183122"	0	0	0	0	1	0	0	0	0	0	0	0	0	0	0	0	0	0	0	0	0	0	0	0	0	0
"556145"	0	0	0	0	0	0	0	0	0	0	0	0	0	0	0	0	0	0	0	2	0	0	0	0	0	0
"82548"	0	0	0	8	0	0	0	0	0	0	0	0	0	0	0	0	0	0	0	3	2	0	0	0	0	0
"113510"	1	0	0	5	0	0	0	0	0	0	0	0	0	0	0	0	0	79	2	0	1	1	1	0	0	0
"276351"	0	0	0	0	0	0	0	0	0	0	0	0	0	0	0	0	0	0	0	1	0	0	0	0	0	0
"537429"	0	0	0	3	0	0	0	0	0	0	0	0	0	0	0	0	0	0	0	0	0	0	0	0	0	0
"342865"	31	103	56	8	1	0	0	0	0	4	0	0	0	0	0	0	1	0	0	0	10	0	2	1	0	1
"550164"	0	0	0	1	0	0	0	0	0	0	0	0	0	0	0	0	0	0	0	0	0	0	0	0	0	0
"269355"	0	0	0	1	0	0	0	0	0	0	0	1	0	0	0	0	0	0	0	0	0	0	0	0	0	0
"588867"	0	0	0	1	0	0	0	0	1	0	0	1	0	0	0	0	0	0	0	8	16	0	0	0	0	0
"153026"	0	0	0	2	0	0	0	0	0	0	0	0	0	0	0	0	0	0	0	0	0	0	0	0	0	0
"2538"	31	3	1	0	0	0	0	0	0	11	0	3	0	0	0	0	0	3	0	83	0	0	0	0	0	0
"262076"	0	0	0	0	0	0	0	0	0	1	0	0	0	0	0	0	0	31	0	11	0	0	0	0	0	0
"55727"	0	0	0	0	0	0	0	0	0	0	0	0	0	0	0	0	0	1	0	0	0	0	0	0	0	0
"306684"	360	429	357	1097	452	5	3	0	0	0	0	50	1	0	0	1	1	0	0	83	156	1	0	1	0	0
"556276"	2	2	2	53	7	0	1	0	0	1	0	0	0	0	0	0	0	0	0	10	1	0	0	0	0	0
"578831"	0	0	0	0	0	0	0	0	0	0	0	0	0	0	0	0	0	0	0	0	1	0	0	0	0	0
"268617"	1	0	0	18	12	0	0	0	0	0	0	1	0	0	0	0	0	0	0	0	1	0	0	0	0	1
"236430"	0	0	0	3	1	0	0	0	0	0	0	0	0	0	0	0	0	0	0	0	0	0	0	0	0	0
"591182"	10	14	5	2	1	4	1	5	0	4	2	0	9	0	0	126	73	275	21030	1	0	30	4	0	1	4
"260458"	0	0	0	1	0	0	0	0	0	0	0	18	0	0	1	0	0	0	0	0	9	0	0	1	0	0
"86556"	0	0	0	0	0	0	0	0	17	0	0	0	0	0	1	0	0	0	0	0	30	0	1	0	0	0
"259956"	0	0	0	0	0	0	0	0	0	0	0	0	0	0	0	0	0	0	0	0	0	3	0	4	0	0
"112749"	0	0	0	0	68	0	0	0	0	0	0	0	0	0	0	0	0	0	0	0	0	0	0	0	0	0
"304950"	0	3	0	0	0	6	0	0	0	2	0	0	0	0	0	2	0	0	3	0	0	182	579	400	0	0
"3581"	0	0	0	0	6	0	0	0	0	0	0	0	0	0	0	0	0	0	0	0	1	0	0	0	0	0
"329327"	0	0	0	11	87	1	0	0	0	0	0	0	0	0	0	0	0	0	0	0	52	0	0	0	0	0
"247518"	0	0	0	6	0	0	0	0	0	0	0	0	0	0	0	0	0	0	0	0	0	0	0	1	0	0
"591098"	3	16	27	0	0	0	0	0	0	0	0	0	0	0	0	0	0	0	0	0	0	0	0	0	0	0
"535000"	953	2560	2478	0	0	4	1	1	0	7	0	1	3	0	0	0	14	2	0	15	1	0	2	1	1	3
"73076"	102	345	297	1	0	0	0	0	0	2	1	0	0	0	0	1	0	0	1	0	0	0	0	0	1	1
"538794"	38	240	281	0	0	0	0	0	0	2	0	0	0	0	0	0	3	0	0	2	0	0	0	0	0	0
"546975"	0	2	2	72	63	1	0	0	0	0	0	0	0	0	2	0	0	1	0	0	0	0	0	0	1	0
"341275"	327	361	580	184	227	0	3	0	0	0	0	0	0	2	0	1	3	1	1	4	1	0	0	0	0	1
"512598"	6	20	31	69	2	1	2	0	0	0	0	0	0	0	0	0	0	0	0	0	0	0	0	0	0	0
"573607"	6	2	7	1818	375	1	4	0	0	0	0	9	0	3	0	0	0	0	0	0	28	0	0	1	0	1
"113626"	0	2	7	1214	210	3	5	12	3	0	0	8	0	1	3	0	0	0	0	0	6650	2	0	0	2	1
"223948"	0	0	0	91	8	0	0	0	0	0	0	0	0	0	0	0	0	0	0	0	25	1	1	0	0	0
"254706"	17	14	12	117	8	0	0	0	0	0	0	0	0	0	0	0	0	0	0	1	34	0	0	1	0	0
"258006"	4	12	6	13	3	0	0	0	0	0	0	0	0	0	0	0	0	0	0	1	27	0	0	0	0	0
"111986"	7	2	1	47	7620	45	1	2	0	2	2	0	1	4	0	1	1	1	0	0	3	0	1	2	1	2
"113959"	13	15	15	1879	6577	41	5	1	3	3	2	4	0	3	0	2	0	5	2	1	4	1	1	1	2	2
"280233"	0	0	0	2	12	0	0	0	0	0	0	0	0	0	0	0	0	0	0	0	0	0	0	0	0	0
"553285"	0	0	0	0	0	0	0	0	0	0	0	0	0	0	0	0	0	0	0	0	0	0	2	8	0	0
"238997"	0	0	0	0	1	0	0	0	0	0	0	0	0	0	0	0	0	0	0	0	0	0	0	0	0	0
"212596"	2	8	3	284	1420	3	2	0	0	0	0	0	0	0	0	0	0	0	0	0	1	0	0	1	0	0
"204462"	0	0	6	279	1027	4	1	0	0	0	1	0	0	0	1	1	0	0	0	0	0	0	0	1	0	0
"589802"	4	32	34	35	245	1	2	1	0	0	0	0	0	1	0	0	0	0	0	0	4	0	51	47	0	0
"272782"	14	79	82	2	7	0	0	0	0	0	0	0	0	0	0	0	2	0	0	0	0	0	1	6	0	0
"229514"	0	0	0	0	1	0	0	0	0	0	0	0	0	0	0	0	0	0	0	0	0	0	0	0	0	0
"250451"	0	1	0	9	14	0	0	0	0	0	0	0	0	0	0	0	0	0	0	0	1	0	0	1	0	0
"574961"	1	0	0	0	0	0	0	0	0	0	0	0	0	0	0	0	0	0	0	0	0	0	0	0	0	0
"139346"	1	1	2	12	3	0	0	0	0	0	0	0	0	0	0	0	0	0	0	0	0	0	0	0	0	0
"588882"	1	0	0	0	0	0	0	0	0	0	0	0	0	0	0	0	0	0	0	0	0	5	25	0	0	0
"138816"	0	1	0	4	3	0	0	0	0	0	0	0	0	0	0	0	0	0	0	0	10	0	0	0	0	0
"28512"	0	0	0	0	1	0	0	0	0	0	0	0	0	0	0	0	0	0	0	0	3	0	0	0	0	0
"279590"	12	27	22	1132	597	2	3	0	0	0	0	0	0	0	0	0	0	0	0	0	8	0	0	0	0	0
"329074"	1	0	1	19	295	2	0	0	0	0	0	0	0	1	0	0	0	0	0	0	0	0	0	1	0	0
"581733"	162	349	240	0	1	0	0	0	0	3	0	0	0	0	0	2	2	1	0	4	0	0	3	2	0	0
"1718"	0	0	0	0	0	0	0	0	0	0	0	0	0	0	0	0	0	0	0	0	7	0	0	0	0	0
"582971"	1	0	0	0	0	0	0	0	0	0	0	0	0	0	0	0	0	0	0	0	0	0	0	0	0	0
"508980"	9	32	48	0	0	0	0	0	0	1	0	0	1	0	0	0	1	0	0	0	0	0	0	0	0	0
"63221"	113	383	480	0	0	1	0	1	1	2	0	0	0	0	0	0	5	1	0	7	0	0	0	0	0	1
"577111"	78	508	551	0	0	1	0	0	0	5	0	0	0	0	0	0	4	0	1	5	0	0	0	0	0	0
"136740"	1	15	15	6	5	0	0	0	0	0	0	0	0	0	0	0	1	0	0	0	233	0	0	0	0	0
"144091"	398	1331	1305	150	439	4	0	0	0	12	1	1	1	0	0	1	8	1	0	17	0	0	1	1	0	0
"239291"	0	0	0	0	0	0	0	0	0	1	0	0	0	0	0	0	0	0	0	0	0	0	1	0	0	0
"244496"	482	115	85	0	0	10	0	0	0	1	0	0	1	0	0	2	1	2	2	4	0	0	0	1	1	0
"206632"	20	15	20	2704	1202	2	3	1	0	1	1	16	1	0	0	0	0	0	0	1	1	0	0	0	1	0
"222914"	43	135	124	387	2808	8	0	0	0	1	0	0	0	1	0	1	0	0	1	0	2	0	0	0	0	0
"242989"	2	29	26	19	237	3	0	0	0	0	0	0	0	0	0	0	0	0	0	0	0	0	0	0	0	0
"238929"	21	171	94	33	163	2	0	2	0	0	0	0	0	0	0	0	1	0	0	2	31	1	1	1	0	0
"155970"	0	0	0	0	5	0	0	0	0	0	0	0	0	0	0	0	0	0	0	0	0	0	0	0	0	0
"137099"	0	0	0	12	91	1	0	0	0	0	0	0	0	0	0	0	0	0	0	0	132	0	1	0	0	0
"533173"	0	0	1	0	0	0	0	0	0	0	0	0	0	0	0	0	0	0	0	0	0	0	0	0	0	0
"544430"	0	0	0	6	3	0	0	0	0	0	0	0	0	0	0	0	0	0	0	0	0	0	0	0	0	0
"309328"	0	0	0	0	0	0	0	0	0	0	0	0	0	0	0	0	0	0	0	0	0	0	1	0	0	0
"588740"	0	1	1	85	54	0	1	0	0	0	0	0	0	0	0	0	0	0	0	0	3	0	0	0	0	0
"200064"	1335	860	659	0	1	10	1	2	0	6	0	0	2	0	1	1	2	7	1	3	0	0	0	0	0	7
"582509"	38	32	27	63	2	0	0	0	0	1	0	0	0	0	0	0	0	0	0	0	0	0	37	26	0	1
"524765"	0	0	0	1	0	0	0	0	0	0	0	0	0	0	0	0	0	0	0	0	0	0	7	2	0	0
"259028"	1	2	1	0	0	2	0	0	0	0	0	0	0	0	0	0	0	0	0	0	0	29	11	46	0	0
"533036"	0	4	1	0	0	0	0	0	0	0	0	0	0	0	0	0	0	0	0	0	0	0	0	0	0	0
"200049"	0	0	0	0	0	0	0	0	0	0	0	0	0	0	0	0	0	0	0	0	0	3	22	8	0	0
"179213"	0	1	2	0	0	0	0	0	0	0	0	0	0	0	0	0	0	0	0	0	0	0	0	3	0	0
"2783"	0	0	0	0	0	0	0	0	0	1	0	0	0	0	0	0	0	0	0	0	0	0	0	0	0	0
"352654"	104	9	12	5	0	0	1	0	0	70	0	0	1	0	0	1	0	0	0	78	4	1	0	1	0	0
"269075"	0	0	0	0	0	0	0	0	0	0	0	0	0	0	0	0	0	0	0	0	0	0	0	2	0	0
"542353"	0	0	2	0	0	0	0	0	0	0	0	0	0	0	0	0	0	0	0	0	0	0	0	0	0	0
"244840"	0	2	3	22	35	0	0	0	0	0	0	0	0	0	0	0	0	0	0	0	27	0	0	0	0	0
"513639"	2	1	0	21	15	0	0	0	0	0	0	0	0	0	0	0	0	0	0	0	9	0	1	0	0	0
"278955"	22	1	1	67	7	2	0	0	0	0	0	0	0	0	0	0	0	0	0	0	1	0	0	0	0	0
"321885"	0	1	0	161	108	0	1	0	0	0	0	0	0	0	0	0	0	0	0	0	1	0	0	0	1	0
"567145"	0	1	0	0	1	0	0	0	0	0	0	0	0	0	0	0	0	0	0	0	0	0	0	0	0	0
"572242"	29	6	10	262	364	2	1	0	0	2	0	0	0	0	0	0	0	1	0	0	10	0	0	0	0	0
"329570"	0	0	0	3	5	0	0	0	0	0	0	0	0	0	0	0	0	0	0	0	1	0	0	0	0	0
"239490"	3	1	0	54	6	0	0	0	0	0	0	0	0	0	0	0	0	0	0	0	1	0	0	1	0	0
"213873"	0	0	2	75	23	0	0	0	0	0	0	0	0	0	0	1	0	0	0	0	1	0	0	0	0	0
"554003"	2	5	5	0	0	2	0	0	0	1	0	0	1	0	0	0	1	1	6	0	0	130	287	372	0	0
"182894"	0	0	0	0	0	0	0	0	0	0	0	0	0	2	0	0	0	0	0	0	0	0	0	0	1	29
"88335"	0	0	0	21	9	0	1	2	0	0	0	1	0	0	0	0	0	0	0	0	722	1	0	0	0	0
"89763"	0	2	2	204	35	0	0	0	0	0	0	1	0	0	0	0	0	0	0	0	313	1	3	3	0	0
"248299"	1	0	0	31	113	0	0	0	2	0	0	1	0	0	9	0	0	0	0	0	14	0	0	0	0	0
"136780"	1	1	1	2	0	0	0	0	0	0	0	0	0	0	0	0	0	0	0	0	0	0	0	0	0	0
"368027"	0	0	0	70	34	0	0	0	1	0	0	1	0	0	0	0	0	0	0	0	86	0	1	0	0	0
"106480"	1	2	2	0	0	0	0	0	0	0	0	0	0	0	0	0	0	0	0	0	0	0	0	0	0	0
"296956"	0	0	0	2	0	0	0	0	0	0	0	0	0	0	0	0	0	0	0	0	0	0	0	0	0	0
"319724"	0	0	0	10	31	0	1	0	0	0	0	0	0	0	0	0	0	0	0	0	0	0	0	0	0	0
"254133"	0	0	0	6	5	0	0	0	0	0	0	0	0	0	0	0	0	0	0	0	12	0	0	0	0	0
"70379"	0	0	0	0	0	0	0	0	0	0	0	10	1	0	0	8	0	0	0	0	0	0	0	0	0	0
"65695"	0	0	0	1	2	0	0	0	0	0	0	0	0	0	0	0	0	0	0	0	0	0	0	0	0	0
"534516"	0	0	0	0	0	0	0	1	1	0	0	0	0	0	0	0	0	0	0	0	107	0	0	0	0	0
"206278"	4792	2918	1939	30	35	30	2	0	0	5	0	2	1	0	0	6	17	6	2	15	0	0	5	0	2	20
"218985"	72	168	118	174	14	0	0	0	0	2	0	0	0	0	4	0	0	3	0	0	335	1	1	0	0	0
"240228"	0	0	0	68	17	0	0	0	0	0	0	0	0	0	0	0	0	0	0	0	0	0	0	0	0	0
"261663"	1	3	4	29	179	2	0	1	0	0	0	0	0	0	0	0	0	2	0	0	23	0	0	0	0	0
"513763"	199	2230	2110	0	0	2	2	0	0	3	1	0	2	1	0	1	10	0	1	10	0	0	0	0	0	0
"533078"	9	7	9	16	1	0	1	0	0	0	0	0	0	0	0	0	0	0	0	0	0	0	0	0	0	0
"509572"	12	58	50	0	0	0	0	1	0	1	0	0	0	0	0	0	0	1	0	0	0	3	1	6	0	0
"521924"	0	0	1	0	0	0	0	0	0	0	0	0	0	0	0	0	0	0	0	0	0	0	0	1	0	0
"536982"	0	0	0	0	0	0	0	0	0	0	0	0	0	0	0	0	0	0	0	0	0	0	1	0	0	0
"278709"	13	86	91	0	0	0	0	0	0	1	0	0	0	0	0	0	0	3	0	1	0	6	111	43	0	0
"304270"	0	0	0	95	6	0	0	0	0	0	0	0	0	0	0	0	0	0	0	0	0	0	0	0	0	0
"262115"	0	0	0	20	0	0	0	0	3	0	0	4	0	0	0	0	0	0	0	0	219	0	0	0	0	0
"68350"	0	0	0	0	0	0	0	0	3	0	0	3	0	0	5	2	0	0	0	0	0	0	0	0	0	0
"112263"	5	0	4	0	0	0	0	0	0	1	0	0	0	0	0	0	0	0	0	0	0	0	2	0	0	0
"215890"	2	0	0	0	1	0	1	1	8	1	22	86	0	3601	7	1	0	0	0	0	0	0	0	1	9	1
"157625"	0	0	0	0	0	0	0	0	0	0	0	0	0	0	0	0	0	13	0	0	0	0	0	1	0	0
"560842"	0	0	1	0	0	0	0	0	0	0	0	0	0	0	0	0	0	0	0	0	0	0	0	0	0	0
"591496"	35	230	190	3	3	0	0	0	0	0	0	0	0	0	0	0	1	0	0	2	0	0	7	9	0	0
"167215"	0	0	0	0	0	0	0	0	0	0	0	0	0	0	0	0	0	0	0	0	0	0	0	1	0	0
"185339"	0	0	0	0	0	0	0	0	0	0	1	0	0	3	0	0	0	0	0	0	0	0	0	0	0	0
"570930"	0	0	0	0	0	0	0	0	0	1	28	0	0	28	0	0	0	0	0	0	0	0	0	0	0	0
"289855"	0	0	0	0	0	0	0	0	0	0	0	0	0	0	0	0	0	0	0	0	1	0	0	1	0	0
"313089"	0	0	0	0	1	0	0	0	0	0	0	0	0	0	0	0	0	0	0	0	0	0	0	0	0	0
"50120"	0	0	4	0	6	1	0	0	0	0	0	0	0	0	0	0	0	0	0	0	0	0	0	0	0	0
"578409"	30	46	68	6	0	0	0	0	0	0	0	0	0	0	0	0	1	0	0	0	0	0	0	0	0	0
"69664"	0	0	0	0	0	0	0	0	0	0	2	0	1	291	0	1	0	0	0	0	0	0	0	0	1	0
"109792"	0	0	0	0	0	0	0	0	0	0	0	0	0	1	0	0	0	0	0	0	0	0	0	0	0	0
"526490"	0	0	0	0	0	0	0	0	0	0	0	0	0	4	0	0	0	0	0	0	0	0	0	0	0	0
"510817"	0	0	0	0	0	1	0	0	0	0	87	0	0	1	0	1	0	0	0	0	0	0	0	5	424	10
"538805"	0	0	0	1	20	0	0	0	0	0	1	0	0	6	0	0	0	0	0	0	3	0	0	0	0	0
"334839"	0	0	0	0	0	0	0	0	0	0	1	1	0	4	0	0	0	0	0	0	0	0	0	0	0	7
"273850"	0	0	0	0	3	0	0	0	0	0	0	0	0	2	0	0	0	0	0	0	0	0	0	0	0	0
"16072"	0	1	0	0	0	1	0	1	0	0	1	0	0	0	0	0	0	0	0	0	0	0	0	0	0	0
"183985"	0	0	0	0	0	0	0	0	0	0	1	0	0	1	0	0	0	0	0	0	1	0	0	0	0	0
"214380"	0	0	0	0	0	0	0	0	0	0	1	0	0	0	0	0	0	0	0	0	0	0	0	0	0	0
"262658"	0	0	0	0	0	0	0	0	0	0	0	0	0	0	0	0	0	0	0	0	0	0	0	0	1	0
"197095"	0	0	0	0	0	0	0	0	0	0	0	0	0	0	0	0	0	0	0	0	0	0	0	0	1	0
"296377"	0	0	0	2	1	2	0	0	0	0	283	0	0	1	1	0	0	1	0	0	0	0	1	4	352	3
"25695"	0	0	0	0	0	0	0	0	0	0	0	0	0	2	0	0	0	0	0	0	1	0	0	0	0	0
"556462"	0	0	0	0	0	0	0	0	0	0	63	6	0	0	0	0	0	0	0	0	0	0	0	0	0	0
"350731"	0	0	0	0	0	0	0	0	0	0	0	0	0	0	0	0	0	0	0	0	0	0	0	0	0	0
"590547"	0	0	0	0	0	0	0	0	0	0	0	0	0	0	0	0	0	0	0	0	1	0	0	0	0	0
"322112"	0	0	0	0	0	0	0	1	0	0	0	0	0	0	0	0	0	0	0	0	0	0	0	0	0	0
"36624"	0	0	0	0	0	0	0	0	2	0	1	0	0	2	0	0	0	0	0	0	0	0	0	0	0	0
"350732"	0	0	0	0	0	0	0	1	0	0	0	0	0	2	0	0	0	0	0	0	0	0	0	0	0	0
"193230"	0	0	0	0	0	3	4	0	0	0	0	0	0	1	0	0	0	0	0	0	0	0	0	0	0	1
"336539"	0	0	0	0	0	0	0	0	0	0	4	0	0	1	0	0	0	0	0	0	0	0	0	0	1	0
"192899"	0	0	0	0	0	0	1	2	0	0	0	0	0	5	1	0	0	0	0	0	0	0	0	0	2	14
"182728"	0	0	0	0	0	0	0	0	0	0	0	0	0	9	0	0	0	0	0	0	0	0	0	0	3	33
"535209"	0	0	0	0	0	0	0	0	0	0	0	0	0	0	0	0	0	0	0	0	0	0	0	0	1	0
"36647"	0	0	0	0	0	1	0	0	0	0	0	0	0	0	0	1	0	0	0	0	0	0	0	0	0	0
"305437"	0	0	0	0	0	0	1	0	0	0	1	0	0	4	0	0	0	0	0	0	0	0	0	0	1	0
"541602"	0	0	0	0	0	5	2	3	0	0	1	0	0	44	0	0	0	0	0	0	0	0	0	0	2	0
"329313"	0	0	0	0	0	1	0	0	0	0	0	0	0	0	0	0	0	0	0	0	0	0	0	0	1	0
"193343"	6	1	2	1	4	1170	700	1030	2	0	4059	43	0	453	4	17	0	1	0	0	2	1	2	88	7845	850
"333279"	0	0	0	1	0	0	0	0	0	0	0	0	0	0	0	0	0	0	0	0	0	0	0	0	0	0
"291764"	0	0	0	0	0	0	0	0	0	0	0	0	0	0	0	0	0	0	0	0	1	0	0	0	0	0
"192952"	0	0	0	0	0	1	2	5	0	0	0	0	0	3	0	0	0	0	0	0	0	0	0	0	4	4
"136044"	3	0	0	0	0	1	1	0	0	0	0	0	0	3	1	0	0	0	0	0	0	0	0	0	22	471
"276703"	0	0	0	1	9	0	0	0	0	0	0	0	0	1	0	0	0	0	0	0	0	0	0	0	0	1
"237324"	1	0	0	0	0	0	0	0	0	0	3	0	0	12	0	0	0	0	0	0	0	0	0	0	116	45
"326644"	0	0	0	0	0	0	0	0	0	0	0	0	0	0	0	0	0	0	0	0	0	0	0	0	0	0
"228762"	0	0	0	0	0	6	7	5	0	0	4	0	0	1	0	2	0	0	0	0	0	0	0	0	3	2
"198528"	0	0	0	2	1	0	0	0	0	0	3	0	0	0	0	0	0	0	0	0	0	0	0	0	101	1
"167365"	1	0	0	1	0	20	14	23	0	0	1	0	0	156	13	0	0	0	0	0	1	0	0	0	1	0
"239053"	0	0	0	0	1	0	0	1	0	0	11	0	0	22	0	0	0	0	1	0	0	0	0	1	5	4
"526081"	4	0	0	5	0	348	271	275	2	0	27	0	0	85	4	2	0	0	0	0	0	1	0	1	32	504
"129783"	0	0	0	0	0	8	9	13	0	0	1	0	0	0	0	0	0	0	0	0	0	0	0	0	0	0
"198740"	0	0	0	0	0	0	0	0	0	0	4	0	0	4	0	0	0	0	0	0	0	0	0	0	6	3
"583500"	0	0	0	0	0	0	0	0	0	0	0	0	0	0	0	0	0	0	0	0	0	0	0	0	1	0
"333775"	1	0	0	0	0	46	23	24	0	0	0	0	0	13	0	0	0	0	0	0	0	0	0	0	1	1
"193576"	0	0	0	0	0	0	0	0	0	0	1	0	0	0	0	0	0	0	0	0	0	0	0	0	0	0
"292073"	0	0	0	0	0	3	5	5	0	0	0	0	0	0	0	0	0	0	0	0	1	0	0	0	0	0
"234421"	3	1	1	0	1	286	212	340	0	2	7	0	0	336	0	1	0	0	0	0	0	1	1	6	161	325
"307569"	0	0	0	0	0	0	0	1	0	1	0	0	0	0	0	0	0	0	0	0	0	0	0	0	2	15
"292556"	0	0	0	1	7	0	0	0	0	0	0	0	0	0	0	0	0	0	0	0	1	0	0	0	0	0
"345211"	0	0	0	0	0	0	0	0	0	0	1	0	0	0	0	0	0	0	0	0	0	0	0	0	2	1
"189485"	13	0	0	0	0	0	0	0	0	0	0	0	1	0	0	1	0	0	0	0	0	0	0	1	14	2075
"514272"	0	0	0	0	0	0	0	1	0	0	12	0	0	15	0	0	0	0	0	0	0	0	0	0	23	3
"277196"	0	0	0	0	0	1	1	0	0	0	1	0	0	1	0	0	0	0	0	0	0	0	0	0	1	0
"184403"	9	1	2	4	4	4422	3444	3573	0	1	77	0	0	62	0	5	0	1	0	1	3	5	0	35	84	13
"295754"	0	0	0	0	2	0	0	0	0	0	0	0	0	1	0	0	0	0	0	0	0	0	0	0	0	0
"291710"	0	0	0	0	4	0	0	0	0	0	0	0	0	0	0	0	0	0	0	0	0	0	1	2	0	0
"298252"	0	0	0	0	0	1	0	0	0	0	1	0	0	0	2	1	0	0	0	0	0	0	0	0	0	5
"346253"	0	0	0	0	0	3	5	8	0	0	6	0	0	4	0	0	0	0	0	0	0	0	0	1	1	0
"212619"	14	8	1	2	2	88	42	67	2	3	636	66	7	4671	7	30	0	4	5	4	2	0	1	142	10680	1361
"527741"	0	0	0	0	0	1	0	0	0	0	16	1	0	42	0	0	0	0	0	0	0	0	0	0	56	31
"171551"	383	31	20	48	189	172	26	51	11	25	13671	25	33	50756	31	190	6	11	29	15	55	2	6	1008	89061	59615
"579000"	0	0	0	0	0	0	0	0	0	0	0	0	0	6	0	0	0	0	0	0	0	0	0	0	0	0
"563574"	0	0	0	0	0	0	0	0	0	0	0	0	0	0	0	0	0	0	0	0	0	0	0	0	2	0
"165257"	0	0	0	0	0	0	0	0	0	0	1	0	0	0	0	0	0	0	0	0	0	0	0	0	1	0
"291610"	0	0	0	0	1	0	0	0	0	0	0	0	0	0	0	0	0	0	0	0	0	0	0	0	0	0
"338272"	0	0	0	0	0	0	0	0	0	0	2	0	0	0	0	0	0	0	0	0	1	0	0	0	0	0
"237003"	0	0	0	0	0	0	0	0	0	0	0	0	0	0	0	0	0	0	0	0	0	0	0	0	1	0
"207832"	0	1	2	0	0	0	0	0	0	0	0	0	0	0	15	0	0	0	0	0	0	0	1	0	0	0
"31334"	0	0	0	1	1	0	0	0	0	0	0	2	0	0	0	0	0	0	0	0	0	0	1	1	0	0
"70528"	0	0	0	0	0	0	0	0	2	0	0	0	0	0	1	0	0	0	0	0	0	0	0	0	0	0
"566717"	0	0	0	0	0	0	0	0	0	0	0	0	0	0	1	0	0	0	0	0	0	0	0	0	0	0
"157866"	0	0	0	0	0	0	0	0	0	0	0	0	0	0	0	0	0	0	0	0	0	0	1	0	0	0
"154106"	3	1	0	0	0	0	0	0	13	1	0	4	4	1	197	26	0	0	1	0	0	0	0	0	0	0
"561594"	0	1	1	0	0	0	0	0	0	0	0	0	0	0	2	3	0	0	0	0	0	0	0	0	0	0
"137557"	0	0	0	0	0	0	0	0	0	0	0	0	0	0	1	0	0	0	0	0	0	0	0	0	0	0
"115230"	0	0	0	0	0	0	0	0	0	0	0	0	0	0	0	1	0	0	0	0	0	0	0	0	0	0
"470527"	0	0	0	0	0	0	0	0	2	0	0	3	0	0	1	0	0	0	0	0	0	0	0	0	0	0
"471308"	0	0	0	0	0	0	0	0	0	0	0	2	0	0	0	0	0	0	1	0	0	0	0	0	0	0
"470599"	0	0	0	0	0	0	0	0	5	0	1	154	0	0	0	0	0	0	0	0	0	0	0	0	0	0
"134207"	0	1	0	2	0	0	0	0	1	0	0	0	0	0	0	0	0	0	0	0	0	0	0	0	0	0
"258375"	0	0	0	0	0	0	0	0	1	0	0	0	0	14	0	0	0	0	0	0	0	0	0	0	0	0
"585355"	0	0	0	2	0	0	0	0	0	0	0	0	0	0	0	0	0	0	0	0	0	0	0	0	0	0
"26036"	0	0	1	0	0	0	0	0	0	0	0	0	0	0	0	0	0	0	0	0	0	0	0	0	0	0
"258502"	0	0	0	2	0	0	0	0	0	0	0	0	0	0	0	0	0	0	0	0	0	0	1	1	0	0
"13662"	0	0	0	0	0	0	0	0	0	0	0	0	0	0	0	0	0	0	0	0	0	1	0	0	0	0
